H1: 10.446206798841375
H2: 10.474609993539545
H3: 10.482284668312488
H4: 10.56801222439136
H4-1: 10.575884483180781
H8: 9.929685754191683
SDIM0853: 10.309003395885952
SDIM0853_48bit: 10.309003395885952
SDIM1136: 10.220962029575892
SDIM1136_48bit: 10.220962029575892
SDIM1274: 10.264190694298806
SDIM1274_48bit: 10.264190694298806
SDIM1302: 10.196751620743175
SDIM1302_48bit: 10.196751620743175
SDIM1579: 10.184157481343167
SDIM1579_48bit: 10.184157481343167
SDIM1671: 10.29046185341943
SDIM1673: 10.007603223960427
SDIM1674: 10.45441826819319
SDIM1675: 10.383428689690112
SDIM1678: 10.335092967708167
SDIM1679: 10.702056018701894
SDIM1684: 9.834831419392252
SDIM1685: 10.466106825087856
SDIM1687: 9.94957555615838
SDIM1689: 10.477393864059023
SDIM1690: 9.939611000234033
SDIM1691: 10.20867238150629
SDIM1692: 10.556530825100392
SDIM1693: 10.450704378509702
SDIM1694: 9.989230674480153
SDIM1712: 10.371617401105864
SDIM1717: 10.085563826366233
SDIM1727: 9.940126215201074
SDIM1732: 10.373388169710529
SDIM1741: 10.53337942853533
SDIM1742: 10.467588526704416
SDIM1749: 10.217034353370915
SDIM1756: 10.756833971304147
SDIM1764: 9.382486882691587
SDIM1770: 9.750904072272546
SDIM1774: 9.6367987685063
SDIM1775: 10.10858350658609
SDIM1776: 10.215099335656115
SDIM1811: 9.941953555213809
SDIM1822: 9.402194514773717
SDIM1824: 8.021372453365514
SDIM1825: 9.678638849989268
SDIM1829: 10.296846402171765
SDIM1832: 10.39838959161326
SDIM1845: 9.96289760069634
SDIM1846: 10.182838146787024
SDIM1849: 10.149952437868974
SDIM1856: 9.542781807686405
SDIM1861: 10.24776604541704
SDIM1863: 9.707078182971506
SDIM1865: 9.909338848429474
SDIM1877: 10.306659095945752
SDIM1883: 9.442078904432776
SDIM1892: 10.262243105957458
SDIM1895: 9.793535062934406
SDIM1896: 8.41952818944454
SDIM1898: 10.265257702327114
SDIM1899: 9.282298179391578
SDIM1901: 9.982664774370816
SDIM1905: 10.387438070214158
SDIM1906: 10.049958119381966
SDIM1912: 9.399284004682857
SDIM1916: 10.505759916583493
SDIM1918: 10.018244958286296
SDIM1920: 10.086544333548078
SDIM1925: 10.38893287923246
SDIM1926: 9.592825357448067
SDIM1927: 10.374657222735351
SDIM1928: 10.348200348117967
SDIM1929: 10.498637019457723
SDIM1930: 10.195957229274427
SDIM1931: 10.406559338836601
SDIM1933: 10.136016441738137
SDIM1934: 10.141689624660787
SDIM1935: 10.265502036454343
SDIM1937: 10.341238145502784
SDIM1939: 10.191947207803196
SDIM1940: 10.25996365281675
SDIM1941: 9.685983137479228
SDIM1944: 10.143724926028328
SDIM1945: 9.929142160537339
SDIM1947: 10.129239804150469
SDIM1948: 9.329112279777267
SDIM1949: 9.755213710676816
SDIM1950: 9.585542248332679
SDIM1951: 10.378425843193542
SDIM1952: 10.089675191335216
SDIM1953: 9.956255110525863
SDIM1954: 9.945473895269757
SDIM1955: 9.014776608905487
SDIM1957: 10.35293217901493
SDIM1958: 9.857302262500806
SDIM1960: 9.085990472572584
SDIM1961: 10.328557266546294
SDIM1963: 9.003732501819616
SDIM1964: 10.324487908045073
SDIM1965: 10.044815474124235
SDIM1967: 10.176271746627895
SDIM1968: 10.189181896943174
SDIM1970: 10.1041274289471
SDIM1971: 10.201191862155843
SDIM1973: 9.484499614373023
SDIM1974: 9.766589396366218
SDIM1975: 10.270617957022987
SDIM1976: 10.212333589644883
SDIM1988: 9.741970315989793
SDIM2043: 10.391395019435748
SDIM2516: 9.823585967852653
SDIM2533: 10.051607824648611
SDIM2545: 9.792233842960236
SDIM2548: 10.437958968645617
SDIM2633: 9.713420231757423
SDIM2666: 10.006810564620165
SDIM2667: 9.65533962360958
SDIM2668: 9.638487625799762
SDIM2672: 10.461831538926399
SDIM2740: 10.03169510789841
SDIM2743: 10.072300080339257
