H1: 125.3217765630882
H2: 125.92943725030631
H3: 124.68872810440251
H4: 125.35318427178643
H4-1: 126.5373475837069
H8: 137.52414697344898
SDIM0853: 95.47831289217741
SDIM0853_48bit: 95.47831289217741
SDIM1136: 127.74954521141996
SDIM1136_48bit: 127.74954521141996
SDIM1274: 134.18244231450313
SDIM1274_48bit: 134.18244231450313
SDIM1302: 110.29665493895347
SDIM1302_48bit: 110.29665493895347
SDIM1579: 156.84496489852015
SDIM1579_48bit: 156.84496489852015
SDIM1671: 107.48517507710088
SDIM1673: 125.2215102568717
SDIM1674: 95.47146114659559
SDIM1675: 68.07071998427496
SDIM1678: 121.23200695100803
SDIM1679: 165.1065914694063
SDIM1684: 122.11541063350766
SDIM1685: 117.65185712049562
SDIM1687: 115.38737489497134
SDIM1689: 120.92898441491384
SDIM1690: 113.81461816711243
SDIM1691: 128.9795380446727
SDIM1692: 126.56306439353122
SDIM1693: 119.99374323589852
SDIM1694: 116.76912577021834
SDIM1712: 130.30757644410482
SDIM1717: 137.89396983644693
SDIM1727: 102.09422506865764
SDIM1732: 138.05585507205726
SDIM1741: 78.70900152770078
SDIM1742: 84.12433338467315
SDIM1749: 121.94382840442339
SDIM1756: 144.17989356526505
SDIM1764: 133.6577722989447
SDIM1770: 118.0245392602332
SDIM1774: 107.57338844519863
SDIM1775: 125.81943665888534
SDIM1776: 117.2291709174488
SDIM1811: 133.6174029892627
SDIM1822: 94.27825886961485
SDIM1824: 102.86851124052555
SDIM1825: 102.65785532667817
SDIM1829: 131.62925864817274
SDIM1832: 143.77767098537817
SDIM1845: 114.97014202449914
SDIM1846: 95.17300394894778
SDIM1849: 127.57173293228382
SDIM1856: 108.95877377948031
SDIM1861: 127.22781399452394
SDIM1863: 98.7581002826689
SDIM1865: 96.71988300118468
SDIM1877: 123.5591201978665
SDIM1883: 99.21013038323399
SDIM1892: 142.7793567933103
SDIM1895: 125.68403097879425
SDIM1896: 188.80293394764215
SDIM1898: 142.51914445297254
SDIM1899: 139.78702940996953
SDIM1901: 147.5118256691388
SDIM1905: 98.91657702035481
SDIM1906: 104.51294253260656
SDIM1912: 121.9188557219578
SDIM1916: 124.01758635008748
SDIM1918: 149.49939880173102
SDIM1920: 108.61857329548616
SDIM1925: 105.02990829026015
SDIM1926: 164.9610819308058
SDIM1927: 126.96628627416383
SDIM1928: 131.2553746950931
SDIM1929: 139.9913149940375
SDIM1930: 135.6902779001728
SDIM1931: 120.79795987880566
SDIM1933: 158.2716394710132
SDIM1934: 127.91878314213345
SDIM1935: 138.5108850501003
SDIM1937: 136.99503021875387
SDIM1939: 145.75297531976682
SDIM1940: 165.60765951669907
SDIM1941: 114.63176270533225
SDIM1944: 141.5422607817951
SDIM1945: 155.76097746000946
SDIM1947: 121.81104310615528
SDIM1948: 156.3457295015547
SDIM1949: 126.12459341395815
SDIM1950: 138.08421065616722
SDIM1951: 149.13707281834013
SDIM1952: 120.63529509287706
SDIM1953: 141.3825886812696
SDIM1954: 98.60408315584688
SDIM1955: 144.91212751691793
SDIM1957: 145.26279447314377
SDIM1958: 126.15176894558508
SDIM1960: 147.83895692953618
SDIM1961: 123.67135407499153
SDIM1963: 122.34497883771323
SDIM1964: 117.86144851312571
SDIM1965: 122.79768076959101
SDIM1967: 145.023619535953
SDIM1968: 143.9943128302417
SDIM1970: 149.37694235638344
SDIM1971: 137.508166816052
SDIM1973: 143.06875506795848
SDIM1974: 105.31394792468
SDIM1975: 145.82293189514934
SDIM1976: 145.80959949727438
SDIM1988: 160.6790395038108
SDIM2043: 144.21246444494867
SDIM2516: 174.8783299830193
SDIM2533: 120.55527459288292
SDIM2545: 177.37433747265916
SDIM2548: 161.2490829276461
SDIM2633: 127.33147738540411
SDIM2666: 169.5700585625014
SDIM2667: 161.37672258832205
SDIM2668: 149.27687245319012
SDIM2672: 137.91978072588347
SDIM2740: 120.53072960874364
SDIM2743: 124.46655713880854
